0   0   0  0  0  0  0  0   0        0        2S25                          
0   0   0  0  0  0  0  0   0        0        2S25M                         
0   0   0  0  0  0  0  0   0        0        2S3M                          
0   0   0  0  0  0  0  0   0        0        2S6                           
0   0   0  0  0  0  0  0   0        0        ASU-57                        
0   0   0  0  0  0  0  0   0        0        ASU-85                        
0   0   0  0  0  0  0  0   0        0        BA-11                         
0   0   0  0  0  0  0  0   0        0        BM-13N                        
0   0   0  0  0  0  0  0   0        0        BM-8-24                       
0   0   0  0  0  0  0  0   0        0        BMD-4                         
0   0   0  0  0  0  0  0   0        0        BMP-1                         
0   0   0  0  0  0  0  0   0        0        BMP-2                         
0   0   0  0  0  0  0  0   0        0        BMP-2M                        
0   0   0  0  0  0  0  0   0        0        BMP-3                         
0   0   0  0  0  0  0  0   0        0        BT-5                          
0   0   0  0  0  0  0  0   0        0        BT-7                          
0   0   0  0  0  0  0  0   0        0        BT-7 TD                       
0   0   0  0  0  0  0  0   0        0        BT-7A (F-32)                  
0   0   0  0  0  0  0  0   0        0        BT-7M                         
0   0   0  0  0  0  0  0   0        0        BTR-152A                      
0   0   0  0  0  0  0  0   0        0        BTR-ZD                        
0   0   0  0  0  0  0  0   0        0        GAZ-AAA (4M)                  
0   0   0  0  0  0  0  0   0        0        GAZ-AAA (DShK)                
0   0   0  0  0  0  0  0   0        0        GAZ-MM (72-K)                 
0   0   0  0  0  0  0  0   0        0        IS-1                          
0   0   0  0  0  0  0  0   0        0        IS-2                          
0   0   0  0  0  0  0  0   0        0        IS-2 "Revenge"                
0   0   0  0  0  0  0  0   0        0        IS-2 (1944)                   
0   0   0  0  0  0  0  0   0        0        IS-2 No.321                   
0   0   0  0  0  0  0  0   0        0        IS-3                          
0   0   0  0  0  0  0  0   0        0        IS-4M                         
0   0   0  0  0  0  0  0   0        0        IS-6                          
0   0   0  0  0  0  0  0   0        0        IS-7                          
0   0   0  0  0  0  0  0   0        0        ISU-122                       
0   0   0  0  0  0  0  0   0        0        ISU-122S                      
0   0   0  0  0  0  0  0   0        0        ISU-152                       
0   0   0  0  0  0  0  0   0        0        IT-1                          
0   0   0  0  0  0  0  0   0        0        Khrizantema-S                 
0   0   0  0  0  0  0  0   0        0        KV-1 (L-11)                   
0   0   0  0  0  0  0  0   0        0        KV-1 (ZiS-5)                  
0   0   0  0  0  0  0  0   0        0        KV-122                        
0   0   0  0  0  0  0  0   0        0        KV-1E                         
0   0   0  0  0  0  0  0   0        0        KV-1S                         
0   0   0  0  0  0  0  0   0        0        KV-2 (1939)                   
0   0   0  0  0  0  0  0   0        0        KV-2 (1940)                   
0   0   0  0  0  0  0  0   0        0        KV-2 (ZiS-6)                  
0   0   0  0  0  0  0  0   0        0        KV-22                         
0   0   0  0  0  0  0  0   0        0        KV-85                         
0   0   0  0  0  0  0  0   0        0        M3 Medium                     
0   0   0  0  0  0  0  0   0        0        M4A2                          
0   0   0  0  0  0  0  0   0        0        MK-II "Matilda"               
0   0   0  0  0  0  0  0   0        0        MK-IX "Valentine"             
0   0   0  0  0  0  0  0   0        0        Object 120                    
0   0   0  0  0  0  0  0   0        0        Object 268                    
0   0   0  0  0  0  0  0   0        0        Object 279                    
0   0   0  0  0  0  0  0   0        0        Object 685                    
0   0   0  0  0  0  0  0   0        0        Object 906                    
0   0   0  0  0  0  0  0   0        0        Phong khong T-34              
0   0   0  0  0  0  0  0   0        0        PT-76-57                      
0   0   0  0  0  0  0  0   0        0        PT-76B                        
0   0   0  0  0  0  0  0   0        0        RBT-5                         
0   0   0  0  0  0  0  0   0        0        Shturm-S                      
0   0   0  0  0  0  0  0   0        0        SMK                           
0   0   0  0  0  0  0  0   0        0        SU-100                        
0   0   0  0  0  0  0  0   0        0        SU-100P                       
0   0   0  0  0  0  0  0   0        0        SU-100Y                       
0   0   0  0  0  0  0  0   0        0        SU-122                        
0   0   0  0  0  0  0  0   0        0        SU-122-54                     
0   0   0  0  0  0  0  0   0        0        SU-122P                       
0   0   0  0  0  0  0  0   0        0        SU-152                        
0   0   0  0  0  0  0  0   0        0        SU-5-1                        
0   0   0  0  0  0  0  0   0        0        SU-57                         
0   0   0  0  0  0  0  0   0        0        SU-57B                        
0   0   0  0  0  0  0  0   0        0        SU-76D                        
0   0   0  0  0  0  0  0   0        0        SU-76M                        
0   0   0  0  0  0  0  0   0        0        SU-76M (5th Gv.Kav.Corps)     
0   0   0  0  0  0  0  0   0        0        SU-85                         
0   0   0  0  0  0  0  0   0        0        SU-85A                        
0   0   0  0  0  0  0  0   0        0        SU-85M                        
0   0   0  0  0  0  0  0   0        0        T-10A                         
0   0   0  0  0  0  0  0   0        0        T-10M                         
0   0   0  0  0  0  0  0   0        0        T-126                         
0   0   0  0  0  0  0  0   0        0        T-26                          
0   0   0  0  0  0  0  0   0        0        T-26 (1st Gv.T.Br.)           
0   0   0  0  0  0  0  0   0        0        T-26-4                        
0   0   0  0  0  0  0  0   0        0        T-26E                         
0   0   0  0  0  0  0  0   0        0        T-28                          
0   0   0  0  0  0  0  0   0        0        T-28 (1938)                   
0   0   0  0  0  0  0  0   0        0        T-28E                         
0   0   0  0  0  0  0  0   0        0        T-34 (1940)                   
0   0   0  0  0  0  0  0   0        0        T-34 (1941)                   
0   0   0  0  0  0  0  0   0        0        T-34 (1942)                   
0   0   0  0  0  0  0  0   0        0        T-34 (1st Gv.T.Br.)           
0   0   0  0  0  0  0  0   0        0        T-34 (Prototype)              
0   0   0  0  0  0  0  0   0        0        T-34-100                      
0   0   0  0  0  0  0  0   0        0        T-34-57                       
0   0   0  0  0  0  0  0   0        0        T-34-57 (1943)                
0   0   0  0  0  0  0  0   0        0        T-34-85                       
0   0   0  0  0  0  0  0   0        0        T-34-85 (D-5T)                
0   0   0  0  0  0  0  0   0        0        T-34-85E                      
0   0   0  0  0  0  0  0   0        0        T-34E                         
0   0   0  0  0  0  0  0   0        0        T-34E STZ                     
0   0   0  0  0  0  0  0   0        0        T-35                          
0   0   0  0  0  0  0  0   0        0        T-44                          
0   0   0  0  0  0  0  0   0        0        T-44-100                      
0   0   0  0  0  0  0  0   0        0        T-44-122                      
0   0   0  0  0  0  0  0   0        0        T-50                          
0   0   0  0  0  0  0  0   0        0        T-54 (1947)                   
0   0   0  0  0  0  0  0   0        0        T-54 (1949)                   
0   0   0  0  0  0  0  0   0        0        T-54 (1951)                   
0   0   0  0  0  0  0  0   0        0        T-55A                         
0   0   0  0  0  0  0  0   0        0        T-55AM-1                      
0   0   0  0  0  0  0  0   0        0        T-55AMD-1                     
0   0   0  0  0  0  0  0   0        0        T-60                          
0   0   0  0  0  0  0  0   0        0        T-62                          
0   0   0  0  0  0  0  0   0        0        T-62M-1                       
0   0   0  0  0  0  0  0   0        0        T-64A (1971)                  
0   0   0  0  0  0  0  0   0        0        T-64B                         
0   0   0  0  0  0  0  0   0        0        T-70                          
0   0   0  0  0  0  0  0   0        0        T-72A                         
0   0   0  0  0  0  0  0   0        0        T-72AV (TURMS-T)              
0   0   0  0  0  0  0  0   0        0        T-72B                         
0   0   0  0  0  0  0  0   0        0        T-72B (1989)                  
0   0   0  0  0  0  0  0   0        0        T-72B3                        
0   0   0  0  0  0  0  0   0        0        T-72M2 Moderna                
0   0   0  0  0  0  0  0   0        0        T-80                          
0   0   0  0  0  0  0  0   0        0        T-80B                         
0   0   0  0  0  0  0  0   0        0        T-80BVM                       
0   0   0  0  0  0  0  0   0        0        T-80U                         
0   0   0  0  0  0  0  0   0        0        T-90A                         
0   0   0  0  0  0  0  0   0        0        T-III                         
0   0   0  0  0  0  0  0   0        0        T-V                           
0   0   0  0  0  0  0  0   0        0        Type 62                       
0   0   0  0  0  0  0  0   0        0        YaG-10 (29-K)                 
0   0   0  0  0  0  0  0   0        0        ZiS-12 (94-KM)                
0   0   0  0  0  0  0  0   0        0        ZiS-30                        
0   0   0  0  0  0  0  0   0        0        ZiS-43                        
0   0   0  0  0  0  0  0   0        0        ZSU-23-4                      
0   0   0  0  0  0  0  0   0        0        ZSU-37                        
0   0   0  0  0  0  0  0   0        0        ZSU-37-2                      
0   0   0  0  0  0  0  0   0        0        ZSU-57-2                      
0   0   0  0  0  0  0  0   0        0        ZUT-37                        
